610104193808133446
610104194006153415
610104193804193417
610104193504183444
610104193502073428
610104193801172610
610104192906093420
610104193102183425
610104194310303414
612127192507203676
610104194007150021
610104192808073418
610104193512106203
610104194810261628
610104192911264423
610104194604074426
610104194212054426
610104193003050643
610104195506230629
610104195703170645
610104193406050613
610104192912060617
610104193502110620
610104194307040617
610104192412170625
61010419331218002X
610104193401090085
61010419340812003X
610104193603160088
610104193505070011
610104194212250048
610302193904244654
610104193303180028
610102193512081541
610104193803044428
610104194105280022
610103193002140827
610103193103070813
610104193008180017
610104193904150019
610104193303200041
610104194605140632
61010419370114062X
6104104194805230616
610104195301250618
610104194906100626
61012193910160325
610102194509050013
610104195308020620
610104192511250612
610104193512230618
610102193012080040
610104192410200624
610104192908070644
610104192904020615
610103192910101618
610102193702120628
610104195301040039
610104192405244411
610104192910150627
610104193908080628
610104193010200021
610104193406030022
610104193703010028
610104193203260012
610104194303110622
610104193403130626
610104194006080615
610104192604080624
610104195712290622
610104193411060613
610104193703160624
610104192812170659
610104195003060613
610104194907190619
610104195610200630
610111195705020038
610104195008040638
610103192507090429
610104193605070027
61010419340316448X
610103192808232021
610104194112120043
610104194711210024
61010419380212002X
610104192607280023
610104193306291110
610104193807271142
610104193304060626
610104193501170023
610103193511190021
610104193811220049
610104193703311226
610104194403193410
610104193511200046
610104194011300010
612321194312050624
610104192704090010
610104193506200033
610104193306110017
610104193411062184
610104194209151110
610104193207210047
610104192403180020
610104193312201126
610104193103086117
610112194305171015
610104193808246141
610104193002216146
610103192408283620
620103193911211022
610104195010106130
610104193506013121
610104193012306110
610104192807296126
610104193709156124
610104192009076110
610104194101156147
610104193606306118
610104195806056132
610104195401080011
610104193103076111
610104193707056111
61010419321118163X
61010419340601513X
61010419341117512X
610104194710257322
610104195007267312
610104195405066110
610104194704213438
610104195704013414
610104192111226111
610104193310066127
610104193210116131
610104193308066136
610104194312136146
610104194604106125
610104194702276195
610104194712246125
610104193407286126
610104192911126135
610104193610306129
610104193508046156
610103192409120444
610104193812246128
610104194101226133
610104194411056125
61010419440228621X
610104192512136117
610104195501046136
610104191803016110
610104192012266126
610104194005186135
610103193005281625
610104193101127341
610104193311226161
610102194908200628
610104195306117330
610104192112206112
610103192304153645
610104192805056196
610104193302036120
610104193007126123
610104193608156176
610104193007246125
610104193809166143
61010419320728613X
610104194311207344
610104194810127322 
610104193610167317
610104193908227327
610104194808197313
610104194612228325
610104193805016504
610104192505147328
610104193605087339
610104194012017348
610104193802225120
610104192909105124
610104193409195121
610111192906064025
610104194311280031
61010419260819061X
610104194206039510
61011319380701162X
610104194502030027
610102191811173527
610104192512290026
610104193104200014
610104193112091129
610102192201070023
610102194204281220
610104193309255721
610102194503200638
610102194506130620
610102193306180020
610104193503082625
610104193311082612
610104193709132624
610103192209220416
610104193810279718
610104193407142675
610102195405291518
610104193110252658
610104193602072641
610102193802252612
610104193012092626
610104195504080030
610104194808122629
610104194007202629
610102194006112522
610104193406142622
610121193809111229
610104194111052624
610102193810252716
610104193402022631
610104191812252617
610104195310138329
610104192810248328
610104194801168325
610104195401258393
610104194612018328
610104194009228312
610104194002058322
610104194912088328
610104195704088360
610104195205218327
61010419200220831X
610104192512158316
610104194811048327
610104193001188323